<?xml version="1.0" encoding="UTF-8" standalone="no"?>
<!DOCTYPE svg PUBLIC "-//W3C//DTD SVG 20010904//EN"
              "http://www.w3.org/TR/2001/REC-SVG-20010904/DTD/svg10.dtd">

<svg xmlns="http://www.w3.org/2000/svg"
     width="0.376667in" height="0.296667in"
     viewBox="0 0 113 89">
  <path id="Unnamed #2"
        fill="none" stroke="black" stroke-width="1"
        d="M 21.00,12.50
           C 21.00,12.50 90.75,12.50 90.75,12.50
             90.75,12.50 90.75,51.50 90.75,51.50
             90.75,51.50 40.50,51.50 40.50,51.50
             40.50,51.50 27.75,72.00 27.75,72.00
             27.75,72.00 27.50,51.50 27.50,51.50
             27.50,51.50 21.00,51.50 21.00,51.50
             21.00,51.50 21.00,12.50 21.00,12.50 Z
           M 39.27,32.96
           C 39.27,32.96 39.24,30.11 39.24,30.11
             39.24,30.11 42.69,30.11 42.69,30.11
             42.69,30.11 42.69,32.93 42.69,32.93
             42.69,32.93 39.27,32.96 39.27,32.96 Z
           M 51.46,30.19
           C 51.46,30.19 51.48,33.04 51.48,33.04
             51.48,33.04 54.95,33.00 54.95,33.00
             54.95,33.00 54.95,30.19 54.95,30.19
             54.95,30.19 51.46,30.19 51.46,30.19 Z
           M 65.77,30.30
           C 65.77,30.30 65.80,33.13 65.80,33.13
             65.80,33.13 69.30,33.11 69.30,33.11
             69.30,33.11 69.27,30.24 69.27,30.24
             69.27,30.24 65.77,30.30 65.77,30.30 Z
           M 136.25,58.25" />
</svg>
